0.016170799994142726
0.014926300005754456
0.014866899990011007
0.015127399994526058
0.015212199999950826
0.01511100001516752
0.014760399993974715
0.01504869997734204
0.015155000000959262
0.015103800018550828
0.01495820001582615
0.014946599985705689
0.014854300010483712
0.0149700999900233
0.014745899999979883
0.014757400000235066
0.014729899994563311
0.014819700008956715
0.014903700008289889
0.015543099987553433
0.02464050002163276
0.019785699987551197
0.014857800008030608
0.014976800011936575
0.014903799979947507
0.02636980000534095
0.020560600009048358
0.015203500021016225
0.02452659999835305
0.014763199986191466
0.014985200017690659
0.026047399995150045
0.01486049999948591
0.014741299994057044
0.0148990000016056
0.015050799993332475
0.014966699993237853
0.014842500007944182
0.0185005999810528
0.015185500000370666
0.014800600009039044
0.014576399989891797
0.014490900008240715
0.014989599992986768
0.014804899983573705
0.014899500005412847
0.014820699987467378
0.01522939998540096
0.01524430001154542
0.014731399976881221
0.014899900008458644
0.020840599987423047
0.020171200012555346
0.015463999996427447
0.015108399995369837
0.014792899979511276
0.015271999989636242
0.014905799995176494
0.015867400012211874
0.01626509998459369
0.016753100004279986
0.016036100016208366
0.029275900014908984
0.015163400006713346
0.01489009999204427
0.027093199983937666
0.016444900014903396
0.014707599999383092
0.019099099998129532
0.020841099991230294
0.015042299986816943
0.015003699983935803
0.015491099999053404
0.015376299998024479
0.014712799980770797
0.015087800013134256
0.014510999986669049
0.014995700010331348
0.014853300002869219
0.015069200017023832
0.02184459997806698
0.02311589999590069
0.014967700000852346
0.018756000004941598
0.01682339998660609
0.015105099999345839
0.01471829999354668
0.016503199993167073
0.014820599986705929
0.015553200006252155
0.021271799982059747
0.02603919999091886
0.017884699977003038
0.015088300016941503
0.01499079997302033
0.015392600005725399
0.014743100007763132
0.015311100025428459
0.014745299995411187
0.014959599997382611
