0.04742470002383925
0.05659089999971911
0.04780110000865534
0.03825200002756901
0.037989000004017726
0.0379450999898836
0.037989100004779175
0.05312399999820627
0.038235000014537945
0.05205210001440719
0.03789769997820258
0.03770290000829846
0.05356840000604279
0.04880879999836907
0.039700299996184185
0.03863250001450069
0.03799139999318868
0.03818380000302568
0.03900580000481568
0.058934600005159155
0.038410100009059533
0.03807760000927374
0.038497200002893806
0.03780749998986721
0.03827839999576099
0.03931399999419227
0.03910500000347383
0.039144499984104186
0.03911539999535307
0.037990699987858534
0.037639599991962314
0.05313879999448545
0.03786400001263246
0.03838000001269393
0.03862350000417791
0.03796470002271235
0.03775310001219623
0.038187600002856925
0.037923599971691146
0.05315430002519861
0.03817909999634139
0.0387926000112202
0.03843159999814816
0.04499910000595264
0.04638710001017898
0.03919999999925494
0.038826199976028875
0.039180499996291474
0.03840570000465959
0.053135399997700006
0.039402399997925386
0.03749680001055822
0.052394700003787875
0.03820619999896735
0.051702800003113225
0.04800410001189448
0.03829359999508597
0.03771459998097271
0.05113649999839254
0.03793170000426471
0.03800289999344386
0.03793900000164285
0.03804319998016581
0.03884039999684319
0.052757900004507974
0.04777010000543669
0.038363899977412075
0.0393517000193242
0.03901249999762513
0.038018799998098984
0.03853670001262799
0.046197300020139664
0.044185300008393824
0.03908519999822602
0.03764330002013594
0.038006899994798005
0.039804000000003725
0.03780479999841191
0.03783859999384731
0.03834079997614026
0.03763700000126846
0.05888540000887588
0.03825490002054721
0.03798429999733344
0.053483700001379475
0.03765169999678619
0.037897200003499165
0.038175800000317395
0.03833319997647777
0.03765680000651628
0.0380443999893032
0.03831750000244938
0.05492490000324324
0.04800989999785088
0.04973009999957867
0.04461959999753162
0.03746980000869371
0.05202069997903891
0.038313500001095235
0.059010199998738244
