3.607042100018589
3.6585307999921497
3.5889230000029784
3.6484716000268236
3.730339100002311
3.679082400019979
3.678652900009183
3.5417133000155445
3.3696333000261802
3.3527127999986988
3.3196688999887556
3.4644681999925524
3.3636166999931447
3.4379636999801733
3.3496327999746427
3.505421599984402
3.6635362000088207
3.6669465999875683
3.9513662999961525
3.630629300023429
3.646482799988007
3.585315600008471
3.5782796000130475
3.7784843999834266
3.7020806999935303
3.5619269000017084
3.648920600011479
3.606898400001228
3.7320617000223137
3.6505646999867167
3.66860859998269
3.607472699979553
3.8572846000024583
3.7451723999984097
3.6051280999963637
3.659843900008127
3.715208600013284
3.9436997000011615
3.5064041999867186
3.646357399993576
3.451627100002952
3.06687549999333
3.063844800024526
3.212706399994204
3.5163571999873966
3.077205600013258
3.07402080000611
3.3505594999878667
3.476819900010014
3.281333499995526
3.1021171000029426
3.295534900011262
3.3581000000122003
3.4551784000068437
3.3831830999988597
3.42479540000204
3.3773744000063743
3.6117391000152566
3.5594924000033643
3.55742480000481
3.693487800017465
3.694523400015896
3.706310800014762
3.656096199993044
3.6505912999855354
3.611811900016619
3.623052100010682
3.5754980000201613
3.7959552999818698
3.5456440999987535
3.1033761000144295
3.115715400024783
3.1683188999886625
3.4641066000040155
3.1662003000092227
3.2945527999836486
3.378329600003781
3.0974860999849625
3.6702235999982804
3.4173273000051267
3.123414600006072
3.2659646999964025
3.6991846000018995
3.647984400013229
3.679698299994925
3.6301330999995116
3.6358583999972325
3.6888163999828976
3.70934989998932
3.5278429000172764
3.7397115000057966
3.5928628999972716
3.6683436000021175
3.355368200020166
3.6042260999965947
3.4459520999807864
3.1200109999917913
3.202782499982277
3.0510009999852628
3.3784757999819703
