0.8023001000110526
0.7975469999946654
0.7826176999951713
0.79827880000812
0.8017619000165723
0.775579100009054
0.7876675000006799
0.7886073999979999
0.800890199985588
0.7809635000012349
0.7683732000004966
0.789556999981869
0.8233002999913879
0.7715257999952883
0.7909379000193439
0.793219199986197
0.8185190999938641
0.8146899999992456
0.8368115999910515
0.7668086999910884
0.8113798999984283
0.8103559000010137
0.7777430999849457
0.8081929999752901
0.771853199985344
0.8235282999812625
0.793078599992441
0.831094099994516
0.8308135000115726
0.8373957999865524
0.7995375999889802
0.8045590000110678
0.7860551000048872
0.7990470000077039
0.7644387000182178
0.7988833999843337
0.7894783999945503
0.7880771000054665
0.7745790000190027
0.788196900015464
0.785563400015235
0.7729619999881834
0.8115370000014082
0.8204817000078037
0.8207032000063919
0.8376311999745667
0.7796507999883033
0.7908111999859102
0.7989608999923803
0.7749456999881659
0.793603099999018
0.80900219999603
0.8117928000283428
0.7686264000076335
0.7625151000102051
0.819915600004606
0.7865530000126455
0.8046332999947481
0.7632992999861017
0.762856199988164
0.81477779999841
0.7826731999812182
0.7714599999890197
0.7639960999949835
0.795888599997852
0.7587118000083137
0.775316000013845
0.7743131000024732
0.8290293000172824
0.7653959000017494
0.7511444000119809
0.7921662000007927
0.7653105999925174
0.8160681999870576
0.7601917000138201
0.7906092000193894
0.7776800999999978
0.7921175999799743
0.7850450999976601
0.800589399994351
0.7951511999999639
0.7760792000044603
0.760399699996924
0.754715999995824
0.7834214000031352
0.7950572999834549
0.8430109999899287
0.7775454000220634
0.7709544000099413
0.7899617000075523
0.8381917000224348
0.7780348999949638
0.8162656999775209
0.7719076999928802
0.7864598000014666
0.7918847000109963
0.8308135000115726
0.8319111999880988
0.7923346000025049
0.7795393000124022
