0.051972500019473955
0.05252250001649372
0.06011130000115372
0.050686500006122515
0.04948390001663938
0.04948539999895729
0.06465040001785383
0.04987930000061169
0.06722619998618029
0.05337959999451414
0.04947089997585863
0.052532600006088614
0.04994769999757409
0.04888270000810735
0.06269699998665601
0.04959340000641532
0.05149330000858754
0.06024349998915568
0.049315799988107756
0.04951630000141449
0.048979699990013614
0.04902360000414774
0.049972099979640916
0.06660720001673326
0.050427400012267753
0.04946899999049492
0.049850999988848343
0.05055410001659766
0.06479180001770146
0.04997780002304353
0.04985280000255443
0.050253800000064075
0.06183960000635125
0.049436100001912564
0.05114820000017062
0.050979999999981374
0.04958660001284443
0.06893589999526739
0.050508799991803244
0.06423580000409856
0.05099429999245331
0.04905739999958314
0.05026339998585172
0.05981099998462014
0.06433729999116622
0.0493447000044398
0.06568110000807792
0.06274119997397065
0.04942950000986457
0.04915409997920506
0.049377999996067956
0.04977429998689331
0.049186899996129796
0.04970040000625886
0.050154600001405925
0.059554000006755814
0.049504000024171546
0.05023430002620444
0.060389399994164705
0.0497697000100743
0.05105339997680858
0.06658250000327826
0.050030200014589354
0.06315189998713322
0.0502072999952361
0.0499402999994345
0.04933750000782311
0.049453900021035224
0.054834900016430765
0.053897300007520244
0.06113970000296831
0.04972300000372343
0.04970010000397451
0.049535199999809265
0.04919799999333918
0.05336160000297241
0.05072460000519641
0.04927700001280755
0.048864099982893094
0.06525200000032783
0.05728199999430217
0.0492606999760028
0.04939500000909902
0.05088219998287968
0.06011920000310056
0.04987930000061169
0.06287639998481609
0.06171169999288395
0.05137770000146702
0.06488260001060553
0.06224060000386089
0.05093199998373166
0.04897480001091026
0.049664099991787225
0.049376599985407665
0.057384700019611046
0.057073500007390976
0.0500956000178121
0.06480460002785549
0.05878839999786578
