0.30544180001015775
0.299689200008288
0.30032670000218786
0.2999524000042584
0.2959617000014987
0.29491919997963123
0.2973037000047043
0.2931525000021793
0.35058630001731217
0.34483419999014586
0.34568910000962205
0.3843066999979783
0.3235463999735657
0.3563313000195194
0.36482149999937974
0.36363710000296123
0.3417129000008572
0.3745671999931801
0.3630719999782741
0.3642297000042163
0.38945889999740757
0.3684765000070911
0.3575995000137482
0.3932081999955699
0.3451102999970317
0.3676963000034448
0.36731820000568405
0.3644948000146542
0.3493484999926295
0.3191799999913201
0.36250960000324994
0.3467123000009451
0.3410628999990877
0.3356309999944642
0.35905180001282133
0.3676262999942992
0.3051705999823753
0.29580880000139587
0.29284979999647476
0.2979125000128988
0.2998348000110127
0.29515369998989627
0.29843830000027083
0.2962783999973908
0.2939077000191901
0.29440700000850484
0.2956745999981649
0.2930761000025086
0.29260479999356903
0.2969946999801323
0.2928161000018008
0.2993793000059668
0.2868968000111636
0.29773439999553375
0.2946535000228323
0.2926236999919638
0.2923450999951456
0.29898240001057275
0.2951745000027586
0.2925751000002492
0.2946190999937244
0.29756429998087697
0.2992583999875933
0.2956112999818288
0.2973649999767076
0.3011467999895103
0.3017180000024382
0.3034205000149086
0.308251599984942
0.30779140000231564
0.30112379998899996
0.295928500010632
0.3012174000032246
0.29728570001316257
0.29775620001601055
0.3008183000201825
0.2969222000101581
0.29630980000365525
0.2955033000034746
0.2944220000063069
0.2964446999831125
0.2929563999932725
0.2998864999972284
0.293606399995042
0.3041252999973949
0.2968667999957688
0.30273870000382885
0.2942547000129707
0.29905599998892285
0.3012155999895185
0.30589259997941554
0.29780219998792745
0.3036411000066437
0.29449729999760166
0.29634030000306666
0.30101809999905527
0.29715090000536293
0.29817159997764975
0.30040410000947304
0.3002905999892391
