0.053839200001675636
0.06687169999349862
0.0529402999964077
0.052305799996247515
0.0702105000091251
0.057903499982785434
0.052129399991827086
0.06669760000659153
0.05280550001771189
0.07232370000565425
0.06607119998079725
0.05234540000674315
0.05343420000281185
0.06402020002133213
0.0649291000154335
0.05285579999326728
0.05237799999304116
0.052381499990588054
0.07835150000755675
0.052674599981401116
0.06699069999740459
0.051750299986451864
0.05259390000719577
0.05305940000107512
0.05281480000121519
0.05309800000395626
0.05722570000216365
0.06262489999062382
0.057374600000912324
0.06634019999182783
0.06236339997849427
0.06493409999529831
0.05416249998961575
0.053006399975856766
0.06104369999957271
0.06566599998041056
0.06023319999803789
0.06459359999280423
0.06618609998258762
0.05216540000401437
0.06798359999083914
0.06351199999335222
0.057682600017869845
0.06808709999313578
0.06469259998993948
0.06566719998954795
0.05339260000619106
0.06763939998927526
0.06689909999840893
0.052599199989344925
0.0540358999860473
0.053028900001663715
0.052585900004487485
0.067381300003035
0.06303970000590198
0.053083399980096146
0.052131000004010275
0.06791359998169355
0.06540580000728369
0.06561950000468642
0.05257820000406355
0.06562680000206456
0.055472000007284805
0.06511320002027787
0.06959670002106577
0.05305449999286793
0.07040299999061972
0.05248700000811368
0.05243409998365678
0.05385499997646548
0.06746280001243576
0.05249780000303872
0.05276610000873916
0.05254099998273887
0.051776900014374405
0.06782490000477992
0.05278490000637248
0.052268800005549565
0.05236549998517148
0.055159500014269724
0.052976900013163686
0.06275739998091012
0.06069810001645237
0.06699650001246482
0.052242100005969405
0.05220030000782572
0.052316099987365305
0.06811590000870638
0.06400529999518767
0.052711900003487244
0.053411200002301484
0.052720700012287125
0.05266379998647608
0.05251710000447929
0.05305159999988973
0.06793560000369325
0.0521461000025738
0.07383809998282231
0.0539308000006713
0.05337589999544434
