0.2637603000039235
0.24636230000760406
0.22252609999850392
0.22325209999689832
0.23379779999959283
0.2561461000004783
0.2662357999943197
0.25042869997560047
0.24614229999133386
0.25003329999162816
0.25072650000220165
0.2442981999774929
0.22223250000388362
0.25058170000556856
0.24653760000364855
0.24867569998605177
0.22282840000116266
0.24144919999525882
0.250083299994003
0.27194400000735186
0.2255715999926906
0.22313430000212975
0.2542783999815583
0.23710229998687282
0.2359924000047613
0.2244790999975521
0.2801475999876857
0.26260490002459846
0.23990089999279007
0.2559719000128098
0.26080930000171065
0.257373300002655
0.2357207000022754
0.24999120002030395
0.24243589999969117
0.24840000001131557
0.2383992999966722
0.22121079999487847
0.23553800000809133
0.24028480000561103
0.24726049997843802
0.26092569998581894
0.2493149999936577
0.22524410000187345
0.25946979998843744
0.23405559998354875
0.2605914000014309
0.2489654000091832
0.2571075000159908
0.23698620000504889
0.265270200005034
0.25415379999321885
0.23675330000696704
0.25406850001309067
0.2572883999964688
0.25600379999377765
0.2380711000005249
0.21979959998861887
0.25199160000192933
0.26196460000937805
0.2553648000175599
0.24642360000871122
0.24545040001976304
0.2471895000198856
0.2459386000118684
0.23019729999941774
0.2465999000123702
0.24081070002284832
0.2227607000095304
0.24766660001478158
0.23407860001316294
0.23918840000987984
0.244096400012495
0.22392190000391565
0.23043220001272857
0.2529190000204835
0.23576569999568164
0.24620420002611354
0.2751575000002049
0.23852659997646697
0.23571770000853576
0.25012559999595396
0.23792569999932311
0.23971789999632165
0.2507444999937434
0.24035279999952763
0.24961070000426844
0.23158280001371168
0.23917179999989457
0.23044909999589436
0.2498374000133481
0.24033609998878092
0.2634542999730911
0.2457425000029616
0.24796300000161864
0.2516380999877583
0.2563380999781657
0.2535593999782577
0.23734990000957623
0.23479059999226592
