0.09343619999708608
0.10486880000098608
0.1025126000167802
0.10384850000264123
0.08954099999391474
0.09074539999710396
0.09576930000912398
0.10312119999434799
0.09051449998514727
0.08991359997889958
0.10412959998939186
0.09420720001799054
0.10849220000091009
0.10279630002332851
0.08988890002365224
0.11764479998964816
0.11278540000785142
0.10102480000932701
0.09427170001436025
0.09620349999750033
0.11414079999667592
0.08920930000022054
0.10349619999760762
0.10353020002366975
0.09044999998877756
0.0888042000005953
0.11135350001859479
0.08758379999198951
0.10317259997827932
0.10492089999024756
0.10935889999382198
0.0983674000017345
0.0895648000005167
0.08937149998382665
0.10308359999908134
0.09709669998846948
0.10774269999819808
0.08923379998304881
0.08927759999642149
0.09006449999287724
0.11920559999998659
0.09054109998396598
0.10458079999079928
0.08987169997999445
0.08950560001539998
0.09648189999279566
0.09771029997500591
0.10852750000776723
0.08957650000229478
0.08949019998544827
0.10393460001796484
0.10487800001283176
0.10214050000649877
0.11648109997622669
0.09705919999396428
0.10322719998657703
0.09920749999582767
0.11844809999456629
0.08885939998435788
0.08994229999370873
0.09061990000191145
0.10931759999948554
0.10433020000346005
0.09077660000184551
0.11278779999702238
0.10295709999627434
0.08933560000150464
0.10413530000369065
0.09925420000217855
0.08872609998797998
0.08857960000750609
0.10474119998980314
0.08791479998035356
0.09026130000711419
0.08918569999514148
0.10154939998756163
0.10085119999712333
0.11455510000814684
0.0887450999871362
0.1020315999921877
0.1073303000011947
0.1118514999980107
0.1012295999971684
0.11097899999003857
0.10157389999949373
0.09040650000679307
0.11218240001471713
0.10510300000896677
0.08873719998518936
0.08946769998874515
0.09224889997858554
0.10646999999880791
0.10486829999717884
0.10259039999800734
0.09783020001486875
0.10457019999739714
0.09498049999820068
0.0954994999920018
0.10163280001142994
0.08857700001681224
