0.005126500007463619
0.004761599993798882
0.0046039000153541565
0.004614900011802092
0.004807199991773814
0.004612099990481511
0.004608099989127368
0.008702299994183704
0.012543499993626028
0.006998099997872487
0.004662499995902181
0.004594900005031377
0.004687899985583499
0.004645400011213496
0.008398699981626123
0.0066621999721974134
0.0068826999922748655
0.009540799976093695
0.005937000008998439
0.005034000001614913
0.004598300001816824
0.004665999993449077
0.004673899995395914
0.004597599996486679
0.0046245999983511865
0.0045624999911524355
0.0046273999905679375
0.004730600019684061
0.009975000022677705
0.008470500004477799
0.004712499998277053
0.004630600014934316
0.004914200020721182
0.005010200024116784
0.004629900009604171
0.004625400004442781
0.004719400021713227
0.004638300015358254
0.004600199987180531
0.004706100007751957
0.004755200003273785
0.004537600005278364
0.004553200007649139
0.00465809999150224
0.004605900001479313
0.004605300026014447
0.004607700015185401
0.004579699976602569
0.004568700009258464
0.004647199995815754
0.004599499981850386
0.004586299997754395
0.004576900013489649
0.01002010001684539
0.01220679999096319
0.006512499996460974
0.004572600009851158
0.004639799997676164
0.0045393000182230026
0.004565900017041713
0.0045593999966513366
0.00485080000362359
0.0046138000034261495
0.004645400011213496
0.004639299993868917
0.004619800020009279
0.004712099995231256
0.004795499989995733
0.004578699998091906
0.004604600020684302
0.004705699975602329
0.004722500016214326
0.004577600018819794
0.005899999989196658
0.012903599999845028
0.009278599987737834
0.004908000002615154
0.0046879000146873295
0.004647000023396686
0.004596600017976016
0.004629300005035475
0.004902800021227449
0.0046085000212769955
0.004593899997416884
0.004679499979829416
0.004697399999713525
0.004585899994708598
0.00453080001170747
0.004548199998680502
0.00463000001036562
0.004636500001652166
0.0046894999977666885
0.004589599993778393
0.004656000004615635
0.004587500006891787
0.004643899999791756
0.004653000010875985
0.004678500001318753
0.00467299998854287
0.0046162999933585525
