0.0033602000039536506
0.0030150999955367297
0.0029903000104241073
0.002970800007460639
0.0029978000093251467
0.0030273999727796763
0.0030525999900419265
0.0029312999977264553
0.0029334000137168914
0.0029467999993357807
0.002978399978019297
0.002992099995026365
0.002974800008814782
0.00296169999637641
0.004427999985637143
0.0038702999881934375
0.00350399999297224
0.0030623000056948513
0.003072999999858439
0.0030795999919064343
0.00306990000535734
0.0030666000093333423
0.0031216000206768513
0.0030710000137332827
0.0031030999962240458
0.0030618999735452235
0.0029854000022169203
0.0030083000019658357
0.003041399992071092
0.0031574000022374094
0.0030654000001959503
0.0031454999989364296
0.0030177000153344125
0.0030587999790441245
0.0030593000119552016
0.0030417999951168895
0.003051799983950332
0.003029699990293011
0.0030725999968126416
0.003059400012716651
0.0030214999860618263
0.0029904000111855567
0.003032100008567795
0.003048699989449233
0.0030220999906305224
0.0030925000028219074
0.0036229999968782067
0.0030203000060282648
0.00301949999993667
0.002972399990539998
0.003059199982089922
0.003234800009522587
0.0030437999812420458
0.0030540000007022172
0.003069300000788644
0.0029436000040732324
0.0046851000224705786
0.003466000023763627
0.0032844000088516623
0.003144999995129183
0.003042900003492832
0.0029881000227760524
0.002955599979031831
0.0030291000148281455
0.003163499990478158
0.0030325000116135925
0.0029961999971419573
0.0029743000050075352
0.002948799985460937
0.003009300009580329
0.002960700017865747
0.0030015999800525606
0.003011100023286417
0.003003700025146827
0.0030229000258259475
0.0030101000156719238
0.002974200004246086
0.0029784000071231276
0.0029473999748006463
0.0029316000000108033
0.0030534999968949705
0.002956700016511604
0.002925099979620427
0.003276000003097579
0.0029981999832671136
0.003005300008226186
0.0033236999879591167
0.002978500007884577
0.0029969000024721026
0.0030340999946929514
0.0030180999892763793
0.0029694999975617975
0.0029938000079710037
0.0029808999970555305
0.002984699996886775
0.0030242000066209584
0.0030249999836087227
0.0030900000128895044
0.0030525000183843076
0.003065299999434501
