0.0027006999880541116
0.0024727999989409
0.002432200009934604
0.002506200020434335
0.002428800013149157
0.002375999989453703
0.002409400010947138
0.002384199993684888
0.0023742999765090644
0.002385100000537932
0.00245950001408346
0.002405100007308647
0.0023772999993525445
0.0023695999989286065
0.0023646999907214195
0.0023601999855600297
0.002462000004015863
0.0023751999833621085
0.002432400011457503
0.0023950000177137554
0.0023723999911453575
0.002400500001385808
0.0024554999836254865
0.0023830000136513263
0.0023397000040858984
0.0023526000150013715
0.0023736000002827495
0.0023781000054441392
0.002369699999690056
0.0026049999869428575
0.002513100014766678
0.0023330000112764537
0.0024113999970722944
0.0024318999785464257
0.0023382999934256077
0.0024007000029087067
0.005721699999412522
0.0023751000117044896
0.004004599992185831
0.0069497000076808035
0.006316499988315627
0.004374399984953925
0.0030752999882679433
0.0024148999946191907
0.0023453999892808497
0.002360500016948208
0.0023533999919891357
0.0023532999912276864
0.0023424999963026494
0.0024458999978378415
0.002326999994693324
0.0023413999879267067
0.0023637000122107565
0.002350399998249486
0.0023585999733768404
0.00235730002168566
0.0023726000217720866
0.0023450999869965017
0.002357799996389076
0.0023462999961338937
0.0023588000040035695
0.002354900003410876
0.0024818000092636794
0.002361199993174523
0.002331299998331815
0.0023281000030692667
0.0023674000112805516
0.002353499992750585
0.0024271000002045184
0.0023642000160180032
0.0023899000079836696
0.0024280000070575625
0.0023868999851401895
0.002382300008321181
0.0024043000012170523
0.004029200004879385
0.0068076000025030226
0.006853600003523752
0.004177700000582263
0.002439000003505498
0.0024030999920796603
0.0023973000061232597
0.0023757999879308045
0.0034496999869588763
0.0066374000161886215
0.0047414000146090984
0.0033903000003192574
0.0038918000063858926
0.002694299997529015
0.0024030999920796603
0.002404800005024299
0.002422999998088926
0.0023886999988462776
0.002369399997405708
0.002379299985477701
0.0023710000095888972
0.002356599987251684
0.0024090000079013407
0.00240019999910146
0.002491899998858571
