0.13102059997618198
0.13929059999645688
0.13397820002865046
0.1260273999942001
0.1369628999964334
0.11850879999110475
0.116327600000659
0.12694919999921694
0.13161529999342747
0.11545640000258572
0.1462535000173375
0.11589710001135245
0.13233839999884367
0.1296398999984376
0.12266520000412129
0.14592749997973442
0.12814970000181347
0.11594310001237318
0.12514859999646433
0.12814980000257492
0.12877829998615198
0.11577720000059344
0.11618149999412708
0.12967520000529476
0.13168590000714175
0.11709529999643564
0.1392669000197202
0.13552539999363944
0.11520349999773316
0.11559949998627417
0.14000630000373349
0.1311670000141021
0.15413139999145642
0.11829670000588521
0.14138180000009015
0.13830250001046807
0.13230290001956746
0.13001699998858385
0.11733489998732693
0.1419731999922078
0.11562610001419671
0.11477889999514446
0.13086929998826236
0.13010310000390746
0.13525040002423339
0.13527349999640137
0.14354300001286902
0.13141149998409674
0.12947829999029636
0.1429338000016287
0.11539459999767132
0.12815489998320118
0.12962309998692945
0.11657369998283684
0.128892899985658
0.11744649999309331
0.1291530000162311
0.11643320001894608
0.12915789999533445
0.13434570000390522
0.11512349999975413
0.12897389999125153
0.1243370000156574
0.1337770999816712
0.12456150000798516
0.12740340002346784
0.1282037000055425
0.13024850000510924
0.13946849998319522
0.1209042000118643
0.1358675000083167
0.13406309997662902
0.12114790000487119
0.12999159999890253
0.11407799998414703
0.1320914000098128
0.13097749999724329
0.11773999998695217
0.12973769998643547
0.12127080000936985
0.12870210001710802
0.11751880001975223
0.1161390999914147
0.12807430000975728
0.12601390000781976
0.11366060000727884
0.14320910000242293
0.13351349998265505
0.11751489999005571
0.131000800000038
0.12641419999999925
0.13788770002429374
0.14050730000599287
0.11493300000438467
0.13470130000496283
0.1294249999918975
0.11718209998798557
0.12948770000366494
0.11384620002354495
0.11592760001076385
