0.0636856000055559
0.04995960000087507
0.04994789999909699
0.04988160001812503
0.050575099972775206
0.05014680000022054
0.06183880000025965
0.05086670001037419
0.049844999972265214
0.07025759998941794
0.049634700000751764
0.06448490000911988
0.05772140002227388
0.04978159998427145
0.049404899997171015
0.06347490000189282
0.05138250000891276
0.06043179999687709
0.06353970000054687
0.04994160000933334
0.050313000014284626
0.05005609997897409
0.057872400007909164
0.055125199985923246
0.04944450000766665
0.04926450000493787
0.05096429999684915
0.05038499998045154
0.06504089999361895
0.049409100000048056
0.04933399998117238
0.04933440001332201
0.06357030000071973
0.06200249999528751
0.05550489999586716
0.06108909999602474
0.05303799998364411
0.06274100000155158
0.050135299999965355
0.049413799977628514
0.05103689999668859
0.05960950002190657
0.051046500011580065
0.062023599981330335
0.05130019999342039
0.061533100000815466
0.051105499995173886
0.05080160000943579
0.06458689999999478
0.04942290001781657
0.05216690001543611
0.05685789999552071
0.04982780001591891
0.04945120000047609
0.06468859998858534
0.0629960999940522
0.05388169997604564
0.04930479999165982
0.06540960000711493
0.049511400022311136
0.04955130000598729
0.06745879998197779
0.05107829999178648
0.049158700014231727
0.0487896999984514
0.0495148999907542
0.059866600000532344
0.06139360001543537
0.04967959999339655
0.04958300001453608
0.04973400000017136
0.0630273999995552
0.059090099995955825
0.04992970000603236
0.07164909999119118
0.05793329997686669
0.06396920001134276
0.04964599999948405
0.06500689999666065
0.06192320000263862
0.050793300004443154
0.05400929998722859
0.06386220001149923
0.04945860002771951
0.05081190000055358
0.059390599984908476
0.05075779999606311
0.05153770002652891
0.049674300011247396
0.05013590000453405
0.06485880000400357
0.06388099998002872
0.05665369998314418
0.05423300000256859
0.062051599990809336
0.06362940001417883
0.05973800001083873
0.05937810000614263
0.049826900009065866
0.06436650000978261
