0.000888700014911592
0.0006278000073507428
0.0005431000026874244
0.0005155999970156699
0.000515200023073703
0.0005367000121623278
0.0005117999971844256
0.0005065999866928905
0.0005114999949000776
0.000520200002938509
0.0005117999971844256
0.0005122000002302229
0.0005177999846637249
0.000517400010721758
0.0005051000043749809
0.0004980000085197389
0.000514300016220659
0.0005055000074207783
0.00050970001029782
0.0005064999859314412
0.0005207000067457557
0.0005067999882157892
0.0004984000115655363
0.0005011000030208379
0.0005123000009916723
0.0005024000129196793
0.000499500019941479
0.0005031999899074435
0.0005277000018395483
0.0005188999930396676
0.0005180999869480729
0.0005099000118207186
0.0005666999786626548
0.000520200002938509
0.0005112999933771789
0.0005218000151216984
0.0005093000072520226
0.0005167000053916126
0.0005122000002302229
0.0005322000070009381
0.0005160000000614673
0.000516800006153062
0.0005170000076759607
0.0005214999837335199
0.0004981000092811882
0.0005074999935459346
0.0005039999959990382
0.0005139999848324805
0.000506900018081069
0.0005087000026833266
0.0005161000008229166
0.0005129000055603683
0.0005073999927844852
0.0004986000130884349
0.0005183999892324209
0.0005046000005677342
0.0004978000069968402
0.0004994000191800296
0.0005174999823793769
0.0005099000118207186
0.0005132999795023352
0.0004979000077582896
0.0005113999941386282
0.000510000012582168
0.0005005000275559723
0.0005038999952375889
0.0005149999924469739
0.000507200020365417
0.0005053999775554985
0.0005218000151216984
0.0005261999904178083
0.0005153999954927713
0.0005160000000614673
0.0005056000081822276
0.000529199984157458
0.00051710000843741
0.0005089999758638442
0.0005142999871168286
0.0005022000113967806
0.0005088000034447759
0.0005059000104665756
0.0005110999918542802
0.0005043999990448356
0.0004991000168956816
0.0004970000009052455
0.0005132000078447163
0.0005051000043749809
0.0004998999938834459
0.0005038999952375889
0.0005133000086061656
0.0005073999927844852
0.000509100005729124
0.0004991000168956816
0.0005161000008229166
0.0005453000194393098
0.0005062000127509236
0.0005096000095363706
0.0005043000273872167
0.0005147000192664564
0.0005044999998062849
