1.1012314999825321
1.0788918000180274
1.0979884999978822
1.1027245000004768
1.0271252999955323
1.0611348999955226
1.0487113000126556
1.1001683000067715
1.1391437000129372
1.0584828999999445
1.0582777000090573
1.0721158999949694
1.0658621000184212
1.0611954999912996
1.1153006999811623
1.0998624000058044
1.0353445000073407
1.0499225000094157
1.0752325000066776
1.0520574999973178
1.1115463000023738
1.0593240000016522
1.0444669999997132
1.0301296999969054
1.0236882000172045
1.081286500004353
1.0552158000064082
1.1033392999961507
1.0481557000020985
1.0494681999844033
1.060468999989098
1.0425162000174168
1.0235978999990039
1.0648187999904621
1.0320976999937557
1.0831038000178523
1.058206000016071
1.0694379000051413
1.1114520000119228
1.0591773000196554
1.047893600014504
1.1036734999797773
1.0695004999870434
1.067066599993268
1.0347084999957588
1.0805043999862392
1.0781244999961928
1.033314700005576
1.0841277000145055
1.0989488000050187
1.0614698000135832
1.1057423000165727
1.117812300013611
1.0703446000115946
1.0451795000117272
1.1174043999926653
1.1242566999862902
1.0746128000027966
1.0724555999913719
1.0152908000163734
1.0833939000149257
1.1167465000180528
1.1146578000043519
1.042890399985481
1.0893730000243522
1.1022146999894176
1.056684800016228
1.0924775000021327
1.0279334000078961
1.0561888000229374
1.1081110999803059
1.1097432999813464
1.0521614000026602
1.077770200005034
1.0662359000125434
1.0376276000170037
1.0769336000084877
1.0770692999940366
1.0728937000094447
1.1063552999985404
1.092089700017823
1.0248208999983035
1.077108199999202
1.0568797000159975
1.1375655999872833
1.074640399980126
1.0663345000066329
1.065499299991643
1.0543859000026714
1.076666999986628
1.0978952999867033
1.0773449999978766
1.0752271999954246
1.0218232000188436
1.096268199995393
1.0626756999990903
1.041791600000579
1.0598972000007052
1.0342186999914702
1.0849105999805033
