0.03999289998319
0.0543953999876976
0.03769330002251081
0.05018939997535199
0.03687899999204092
0.03636299999197945
0.03634220000822097
0.04126539998105727
0.050164899992523715
0.047358700016047806
0.03664580002077855
0.036981699988245964
0.037414099992020056
0.03684630000498146
0.041891900007613
0.047163200011709705
0.036224500014213845
0.03631869997479953
0.03640340000856668
0.037194899981841445
0.04764890001388267
0.049658100004307926
0.03681829999550246
0.03729310000198893
0.03657520000706427
0.051729300001170486
0.03630619999603368
0.037100099987583235
0.037480800005141646
0.03630639999755658
0.036197899986291304
0.0360279000014998
0.03710379998665303
0.03608269998221658
0.04061930000898428
0.047689099999843165
0.03647279998403974
0.038915100012673065
0.04204819997539744
0.036365300009492785
0.03691320001962595
0.0526737000036519
0.04937630001222715
0.03917860001092777
0.03748610001639463
0.058009799977298826
0.03723899999749847
0.03888619999634102
0.037138399988180026
0.036264399997889996
0.03679149999516085
0.03747250000014901
0.036175700020976365
0.05087219999404624
0.0366269999940414
0.03634379999130033
0.03638829998089932
0.036627299996325746
0.05147249999572523
0.03692749998299405
0.03627380001125857
0.03650129999732599
0.03656619999674149
0.03614380001090467
0.03680870000971481
0.03744429998914711
0.050247699982719496
0.036028900009114295
0.036888300004648045
0.03625030000694096
0.038766699988627806
0.049918699980480596
0.0370124000182841
0.0503626000136137
0.03708720000577159
0.03653790001408197
0.04521740000927821
0.03632010001456365
0.036913499992806464
0.04766059998655692
0.03632899999502115
0.03578079998260364
0.0363575000083074
0.036640899983467534
0.055612700001802295
0.03834810000262223
0.03617649999796413
0.036523799994029105
0.036709200008772314
0.03681459999643266
0.047452300001168624
0.04746280002291314
0.04703169999993406
0.036883900000248104
0.03688940001302399
0.03674100001808256
0.05069019997608848
0.049954499991144985
0.03648769998108037
0.03694089999771677
