0.192277499998454
0.17686209999374114
0.19202040001982823
0.19059610000113025
0.18915920000290498
0.1938769999833312
0.19268079998437315
0.18010729999514297
0.1653169000055641
0.1802511000132654
0.17979500000365078
0.16729430001578294
0.1799278999969829
0.181277499999851
0.16837279999163002
0.18202459998428822
0.181377299973974
0.16725199998472817
0.1823551999987103
0.17916120000882074
0.16874650001409464
0.19932270000572316
0.16676140000345185
0.19463030001497827
0.16946780000580475
0.18075410000164993
0.1826889000076335
0.1803152000065893
0.1939614999864716
0.1799812999961432
0.17873270000563934
0.20722630000091158
0.16648240000358783
0.16573799998150207
0.18045189999975264
0.20040460000745952
0.18267660000128672
0.19219220001832582
0.20227179999346845
0.20412899999064393
0.1868462999991607
0.1821531000023242
0.1828201000171248
0.1801514000108
0.1671347999945283
0.1791343999793753
0.16537820000667125
0.18297669998719357
0.18117230001371354
0.19466509998892434
0.16647749999538064
0.18259159999433905
0.17917200000374578
0.1944210999936331
0.1797450000012759
0.18283219999284483
0.1656463999825064
0.18057720002252609
0.1663983000034932
0.18345580002642237
0.17993449998903088
0.20049639997887425
0.18943309999303892
0.19729730000835843
0.18098949998966418
0.18901399997412227
0.18182799997157417
0.1929394000035245
0.16734090002137236
0.16772269998909906
0.1811599000066053
0.1876380000030622
0.18039059999864548
0.17938519999734126
0.17690190000575967
0.17900080000981688
0.17954499999177642
0.18937159999040887
0.16642210001009516
0.1908533000096213
0.18573619998642243
0.1806473000033293
0.1876054999884218
0.1969583000172861
0.16774659999646246
0.18108879998908378
0.184892299992498
0.17880350002087653
0.16904520001844503
0.17991199999232776
0.16810310000437312
0.1800504999991972
0.1789666999829933
0.20436329999938607
0.17984179998165928
0.17068519999156706
0.18333400000119582
0.19205700000748038
0.19275869999546558
0.19152910000411794
