0.7378384000039659
0.7383690999995451
0.7778108000056818
0.7252635000040755
0.7783860999916214
0.7705571000115015
0.7713385999959428
0.8045021000143606
0.7750789000128862
0.7539480999985244
0.7590860999771394
0.7885370000149123
0.7483071000024211
0.7080813000211492
0.7281305000069551
0.7319006999896374
0.7357823000056669
0.7678039000020362
0.7478736999910325
0.7639730999944732
0.7403847000095993
0.7696528999949805
0.7038948000117671
0.7607854999951087
0.7532618000113871
0.7403216999955475
0.7642152000044007
0.7629045000066981
0.7215240999939851
0.7235178999835625
0.7173811999964528
0.696940399997402
0.7116281000198796
0.7139051999838557
0.7514260000025388
0.7509412999788765
0.743303700000979
0.7277942000073381
0.7819320999842603
0.740998799999943
0.7615193999954499
0.7669717000098899
0.7379742999910377
0.7410547000181396
0.7217929000034928
0.7461426999943797
0.8001655000261962
0.7453062999993563
0.7692535000096541
0.7217088000033982
0.7175555000139866
0.7331023000006098
0.6970492000109516
0.7092713000020012
0.722976099990774
0.7004118000040762
0.7312858000223059
0.7282372000045143
0.7640363999817055
0.7379673999967054
0.7259303000173531
0.7480833999870811
0.7123248999996576
0.7465815999894403
0.7272634000109974
0.7057887999981176
0.7209451999806333
0.7420316000061575
0.7237742000143044
0.7242605999927036
0.7546686000132468
0.7183020999946166
0.751657199987676
0.7601515999995172
0.7408347000018694
0.7033331999846268
0.7165903999994043
0.7190990000090096
0.7315396000049077
0.7103726000059396
0.7142358999990392
0.7341390999790747
0.7330782000208274
0.7314317999989726
0.7266933000064455
0.7103777999873273
0.7457262999960221
0.7027934000070672
0.7032375000126194
0.7008837999892421
0.6985210000129882
0.7024744999944232
0.7149382999923546
0.714879800012568
0.7220035000063945
0.7074083000188693
0.7136421999894083
0.7540707000007387
0.7124956999905407
0.7388865999819245
