0.759218699997291
0.7739583000075072
0.7451810000056867
0.7793530999915674
0.7480398000043351
0.7166120999900158
0.7732366000127513
0.7688495999900624
0.7597575999971014
0.737509400001727
0.7571707000024617
0.7588623000192456
0.7554314000008162
0.7549906000203919
0.7668723999813665
0.7549247999850195
0.7430396999989171
0.7587616000091657
0.7595253000035882
0.7203552999999374
0.7508803999808151
0.7257994000101462
0.7705126000219025
0.738450799981365
0.788249100005487
0.7829795999859925
0.7716406999970786
0.734255999996094
0.7577115999883972
0.7361552999936976
0.7394249999779277
0.7192317000008188
0.7259906000108458
0.7546552999992855
0.7132363000127953
0.7279108999937307
0.7131602000154089
0.7347848000063095
0.7129452000081073
0.7559229000180494
0.765172099985648
0.735043399996357
0.7629660999809857
0.7374479999998584
0.7847360000014305
0.7514133999939077
0.7588300999777857
0.7551424999837764
0.7747693999845069
0.7443421999923885
0.756192300003022
0.751208100002259
0.7779068000090774
0.7062616000184789
0.723610799992457
0.6818297999852803
0.7336215999966953
0.770531399990432
0.7492876000178512
0.7084211999899708
0.7238053000182845
0.6953373999858741
0.7427375999977812
0.721158700005617
0.7850047000101767
0.7519927000103053
0.742714199994225
0.7436095000011846
0.7638601999788079
0.7439065999933518
0.7475328000145964
0.7380094999971334
0.7224780000105966
0.7500673999893479
0.7778574000112712
0.7430553000012878
0.7659875999961514
0.7725757999869529
0.781063299975358
0.7247250000073109
0.7100929000007454
0.7335675000213087
0.7339576999947894
0.7502581000153441
0.777640699991025
0.7907368000014685
0.7327341999916825
0.707873599982122
0.7761192999896593
0.7565818000002764
0.7085290000250097
0.7477577999816276
0.7703074000019114
0.7737593000056222
0.7183591999928467
0.7488972000137437
0.7162876999936998
0.7480317000008654
0.7565650999895297
0.7906215999973938
