0.05166810000082478
0.0657268000068143
0.06239939999068156
0.04949639999540523
0.04824689999804832
0.04918020000332035
0.05096590000903234
0.048730699985753745
0.048516000009840354
0.0495684000197798
0.0487464000179898
0.049286399997072294
0.0500171999738086
0.04872250001062639
0.06877370001166128
0.049899900011951104
0.04920110001694411
0.05654690001392737
0.059734700014814734
0.0492542999854777
0.04905269999289885
0.07503070001257583
0.04922729998361319
0.04936979999183677
0.049048000015318394
0.048846199992112815
0.05167959997197613
0.059700699988752604
0.048988399998052046
0.049378099996829405
0.04927390001830645
0.06467849999899045
0.062392699997872114
0.0494784000038635
0.06144689998473041
0.053769799997098744
0.048717500001657754
0.05058369998005219
0.04902790000778623
0.04950510000344366
0.050372199999401346
0.07229850001749583
0.04952390000107698
0.04990359998191707
0.0502470999781508
0.04968560000997968
0.048838699993211776
0.05007040000054985
0.052470499998889863
0.04974950000178069
0.0652985000051558
0.049435799999628216
0.049266999994870275
0.05110949999652803
0.04924730001948774
0.0491805000056047
0.06442420001258142
0.049354199989466
0.05018799999379553
0.06314169999677688
0.05126509998808615
0.049889399990206584
0.04940560000250116
0.04930610000155866
0.04998300000443123
0.06480719998944551
0.05001499998616055
0.05999469998641871
0.05014320000191219
0.06370450000395067
0.04916590001084842
0.06364979999489151
0.04930360001162626
0.05021260000648908
0.049096500006271526
0.049804800015408546
0.0497732000076212
0.04951929999515414
0.06333390000509098
0.06266510000568815
0.04791110000223853
0.048581000010017306
0.0493136000004597
0.0483208000077866
0.04956519999541342
0.049866899993503466
0.04970820000744425
0.05004390000249259
0.04843759999494068
0.06411840001237579
0.050158999976702034
0.04876279999734834
0.04845689999638125
0.04782569999224506
0.062270900001749396
0.04987340001389384
0.04970609999145381
0.06237440000404604
0.04932690001442097
0.06357650001882575
