0.38051260000793263
0.37544529998558573
0.36771379999117926
0.3843064999964554
0.3636755000043195
0.3885988999973051
0.351419500017073
0.3616580000089016
0.37008970000897534
0.354476300009992
0.3879419000004418
0.3589333000127226
0.34988950000843033
0.36910599999828264
0.36381809998420067
0.3556092999933753
0.37196790002053604
0.3741276999935508
0.3893555999966338
0.3703840999805834
0.3451354999851901
0.3751134999911301
0.3537804000079632
0.3788553999911528
0.39893559998017736
0.3449162000033539
0.3581298000062816
0.3655049999943003
0.35084009999991395
0.37085919998935424
0.3589108000160195
0.3832248999970034
0.3775811999803409
0.35593160000280477
0.3475146999990102
0.36579559999518096
0.34599529998376966
0.36191440001130104
0.3773347999958787
0.37759719998575747
0.362375400000019
0.3928143000230193
0.38048110000090674
0.35085820002132095
0.35805760000948794
0.3544148000073619
0.39315580000402406
0.3601316999993287
0.367836499994155
0.3735308999894187
0.34096150001278147
0.3590773000032641
0.365365900011966
0.3655569000111427
0.34658959999796934
0.3478189999877941
0.3583775000006426
0.3929458000056911
0.34216139998170547
0.36303909998969175
0.39247220000834204
0.3662260999844875
0.3468198000045959
0.3597524000215344
0.36690699998871423
0.33373220000066794
0.3748820000037085
0.37440289999358356
0.37880809998023324
0.358944400009932
0.35649149998789653
0.3690692999807652
0.34915200000978075
0.3626650999940466
0.399589599983301
0.36122269998304546
0.33544689998961985
0.3896052000054624
0.3632822999788914
0.3882222999818623
0.35577609998290427
0.363049100007629
0.372368300013477
0.3627132000110578
0.3636326999985613
0.37288949999492615
0.3380704000010155
0.359960100002354
0.3715611999796238
0.3682666999811772
0.37570649999543093
0.3633763999969233
0.36304440000094473
0.3913362000021152
0.35639719999744557
0.3610814000130631
0.38337709999177605
0.3610131999885198
0.37340900002163835
0.3633417999953963
