0.15111419997992925
0.14960290002636611
0.14456149999750778
0.14689699999871664
0.14339599999948405
0.14861229999223724
0.14394710000487976
0.14650910001364537
0.14550759998383
0.14491000000271015
0.1461735999910161
0.14553029998205602
0.14670990000013262
0.14386260000173934
0.14584919999470003
0.14636569999856874
0.14580260001821443
0.14863040001364425
0.1449477999994997
0.1448110000055749
0.14642930001718923
0.1457949000177905
0.14526729998760857
0.1455530999810435
0.15031879997695796
0.14374090000637807
0.1463858000061009
0.14701349998358637
0.1440893999824766
0.14677689998643473
0.16104899998754263
0.16028519999235868
0.15923509999993257
0.15937239999766462
0.15943889998015948
0.16254239997942932
0.159782799979439
0.1596852999937255
0.16793570001027547
0.15733560000080615
0.1739246000070125
0.19635000001289882
0.15837699998519383
0.1847325999988243
0.19213499999023043
0.17092410000623204
0.17828029999509454
0.18768410000484437
0.1569417999999132
0.1864336999715306
0.1837039999954868
0.17889990002731793
0.1909354999952484
0.1569964000082109
0.19603550000465475
0.1832340000255499
0.16978460000245832
0.17535269999643788
0.1732622999988962
0.17981229998986237
0.17436979999183677
0.17291870000190102
0.17409039998892695
0.18640499998582527
0.17020490000140853
0.16404929998680018
0.17384259999380447
0.17403419999754988
0.1755262000078801
0.1841920000151731
0.16881920001469553
0.17921010000281967
0.17944960002205335
0.1840172999945935
0.17495939999935217
0.1751347999961581
0.18872940001892857
0.17951459999312647
0.19058689998928457
0.19496620001154952
0.17353210001601838
0.18715280000469647
0.1724870999751147
0.17168140001012944
0.17586339998524636
0.17110790000879206
0.1912677999935113
0.16733080000267364
0.14323819999117404
0.14855220000026748
0.14608710000175051
0.14808270000503398
0.14552600000752136
0.14472240000031888
0.146517400018638
0.1473470999917481
0.14542129999608733
0.15336890000617132
0.1437170999997761
0.14673819998279214
