0.2038888999959454
0.1971352999971714
0.1939610000117682
0.20550619999994524
0.21215590002248064
0.22614189999876544
0.19866329999058507
0.21196660000714473
0.18500050000147894
0.21048500001779757
0.18566869999631308
0.22073790000285953
0.19464869998046197
0.20854739999049343
0.20518570000422187
0.20208509999793023
0.18665869999676943
0.23708859999896958
0.19945729998289607
0.186640100000659
0.2090299999981653
0.2183820999925956
0.2198035000183154
0.1984803999948781
0.18587389998720028
0.19861699998728
0.19955689998460002
0.18441799998981878
0.20852129999548197
0.2065530999971088
0.18482500000391155
0.19965549997868948
0.20009050000226125
0.21687540001585148
0.18421380000654608
0.1854786000039894
0.1984717000159435
0.19101040001260117
0.2157258999941405
0.2217467000009492
0.20863730000564829
0.2023011000128463
0.2208272000134457
0.22230880000279285
0.21477699998649769
0.19193910001195036
0.21690320002380759
0.22062670000013895
0.18960159999551252
0.1861239999998361
0.22301310001057573
0.19427609999547713
0.1998007000074722
0.21005030002561398
0.22157230001175776
0.22474659999716096
0.19603880000067875
0.1967906999925617
0.22129499999573454
0.19956830001319759
0.2134391000145115
0.21327230002498254
0.215354899992235
0.2012133999960497
0.19957890000659972
0.20828479999909177
0.1993695999844931
0.21616099998936988
0.2109925000113435
0.19409870001254603
0.18533529998967424
0.21535160002531484
0.21043219999410212
0.21070709999185055
0.19730170001275837
0.191922700003488
0.19886159998713993
0.1985663000086788
0.2107001999975182
0.21152390001225285
0.20434100000420585
0.20043789999908768
0.19934839999768883
0.2174945000151638
0.21018239998375066
0.2181847000028938
0.18458140001166612
0.200951900013024
0.21777690001181327
0.1887206000101287
0.199429100000998
0.19906389998504892
0.2101464000006672
0.21172629998181947
0.18646489997627214
0.19834390000323765
0.224621000001207
0.18921069998759776
0.21041610001702793
0.22476149999420159
