0.0014668999938294291
0.0011852000025101006
0.0012391999771352857
0.0011461999965831637
0.0011515000078361481
0.0011426999990362674
0.0011745999800041318
0.0011320000048726797
0.0011322000063955784
0.0011721999908331782
0.0011615999974310398
0.0011835999903269112
0.0011418999929446727
0.0011792000150308013
0.0011573999945539981
0.0011471000034362078
0.0011894000053871423
0.001180699997348711
0.0011651999957393855
0.0011841999948956072
0.0011692999978549778
0.0011674999841488898
0.0011560000129975379
0.0011665000056382269
0.0011578999983612448
0.001186200010124594
0.0011621000012382865
0.001157500024419278
0.0011815999750979245
0.0011675000132527202
0.0011685999925248325
0.001137099985498935
0.001134599995566532
0.0011505000002216548
0.0011384999961592257
0.0011304999934509397
0.0011337000178173184
0.0011616999981924891
0.0011470000026747584
0.0011511000047903508
0.0011295999865978956
0.0011298000172246248
0.0011430999729782343
0.0011616999981924891
0.0011621000012382865
0.0011329000117257237
0.0011337999894749373
0.0011449999874457717
0.001145999995060265
0.001122800022130832
0.001132199977291748
0.0011534999939613044
0.0013458000030368567
0.00376780002261512
0.0033859999966807663
0.003329800005303696
0.0034007000213023275
0.0031939000182319432
0.0025967999827116728
0.002093199989758432
0.0017250000091735274
0.001446899987058714
0.0012934000114910305
0.0011436000058893114
0.0011829000141005963
0.0011460999958217144
0.0011611999943852425
0.002414900023723021
0.002458600007230416
0.002074399992125109
0.0018195000011473894
0.0015765999851282686
0.0013857999874744564
0.001268699998036027
0.0011595000105444342
0.0011511000047903508
0.0011550000053830445
0.001151899981778115
0.0012481999874580652
0.001160900021204725
0.0011557999823708087
0.0011618999997153878
0.0011511000047903508
0.0011805999965872616
0.0011526999878697097
0.0011423999967519194
0.001152799988631159
0.001136100006988272
0.0011514000070746988
0.0011716999870259315
0.0011642999888863415
0.0011526000162120908
0.001153399993199855
0.0011563000152818859
0.001149099989561364
0.0011417999921832234
0.0011508000025060028
0.0011492999910842627
0.0011486000148579478
0.0011505000002216548
