0.21622629999183118
0.21825360000366345
0.20363689999794587
0.20334310000180267
0.22114029998192564
0.19337210000958294
0.18411719999858178
0.21214049999252893
0.19773919999715872
0.19783709998591803
0.19686300001922064
0.19741829999838956
0.21891249998589046
0.2031354999926407
0.20703869999852031
0.18267400001059286
0.199093700008234
0.1828529000049457
0.19672050001099706
0.21279259998118505
0.21905620000325143
0.2005320999887772
0.21114890000899322
0.19212630001129583
0.20887790000415407
0.18405219999840483
0.2082994999946095
0.18749900002148934
0.18384750001132488
0.21092179999686778
0.21262320000096224
0.20702540001366287
0.2116657999868039
0.18272630000137724
0.19740010000532493
0.2147112999809906
0.2043454999802634
0.20389250002335757
0.1848005999927409
0.18526520000887103
0.2324345000088215
0.19830139999976382
0.20237889999407344
0.2050990000134334
0.22235470000305213
0.21641880000242963
0.20888160000322387
0.18636120000155643
0.20174960000440478
0.20188370000687428
0.21497709999675862
0.1838341999973636
0.1970629999996163
0.22490999998990446
0.19245719999889843
0.2311094000178855
0.21607520000543445
0.20364999998128042
0.19596359998104163
0.21287059999303892
0.19665580001310445
0.21342640000511892
0.1826471000094898
0.19586040001013316
0.20916979998582974
0.18450790000497364
0.1956062999961432
0.20047139999223873
0.1826660999795422
0.18998609998379834
0.20715900001232512
0.19174509998993017
0.1971291999798268
0.1833418000023812
0.198597200011136
0.18392400001175702
0.18744599999627098
0.18326940000406466
0.19883379997918382
0.1841499999864027
0.19439740001689643
0.1965218000113964
0.18387710000388324
0.19739630000549369
0.19011489997501485
0.20166599997901358
0.19556199997896329
0.18637190002482384
0.18419850000645965
0.1847025000024587
0.204946599988034
0.20956770001794212
0.19753770000534132
0.18455410000751726
0.18184879998443648
0.20090339999296702
0.2033573999942746
0.18941089999862015
0.19379920000210404
0.19019140000455081
