0.001202299987198785
0.0009247999987564981
0.0008789000276010484
0.0008679000020492822
0.0008582000155001879
0.0008751999994274229
0.0008803000091575086
0.0008632999961264431
0.0008730000117793679
0.0008578000124543905
0.0008787999977357686
0.0008947000023908913
0.0008691999828442931
0.0008728000102564692
0.0008873000042513013
0.0009103000047616661
0.0008857999928295612
0.0008606000046711415
0.0008830000006128103
0.0008765999809838831
0.000885000015841797
0.0008786999969743192
0.0008959000115282834
0.0008823999960441142
0.0008980999991763383
0.0008589999924879521
0.0008819999929983169
0.0008847999852150679
0.0008556999964639544
0.0008874000050127506
0.0008744999940972775
0.0008898999949451536
0.0008809000137262046
0.0009405000018887222
0.0009768000163603574
0.0008997999830171466
0.0009605000086594373
0.0009938000002875924
0.0009128999954555184
0.0008861999958753586
0.0011825999827124178
0.0008753000001888722
0.0008532000065315515
0.0008753000001888722
0.0008660999883431941
0.0008664999913889915
0.0008569000056013465
0.0008651000098325312
0.0008729999826755375
0.0008569000056013465
0.0008611999801360071
0.0008537000103387982
0.0008756000024732202
0.0008533999789506197
0.0008966000168584287
0.0008858999935910106
0.0008809999853838235
0.0008858999935910106
0.0008691000111866742
0.0008754999726079404
0.001811399997677654
0.000892100011697039
0.0008919000101741403
0.0008741999918129295
0.0008868000004440546
0.0008908000017981976
0.0008794000023044646
0.0009366000012960285
0.0009196999890264124
0.0008688000089023262
0.0008651000098325312
0.0008807999838609248
0.0008642000029794872
0.0008669999951962382
0.0008553999941796064
0.0008711999980732799
0.0008696999866515398
0.0010353999969083816
0.0010210000036749989
0.001106200012145564
0.0009070999803952873
0.0008959000115282834
0.0008651000098325312
0.0008701000188011676
0.000890600000275299
0.000907899986486882
0.0008931999909691513
0.0008716000011190772
0.0009147000091616064
0.0008972999930847436
0.0009238999919034541
0.0008827999990899116
0.0009151999838650227
0.0008915999787859619
0.000888100010342896
0.0008823999960441142
0.0008900999964680523
0.0008699000172782689
0.0008735999872442335
0.0008617000130470842
