0.0018567999941296875
0.0016210000030696392
0.0015889000205788761
0.0015918000135570765
0.001568000006955117
0.0015807000163476914
0.00158680000458844
0.0015883000160101801
0.001574199995957315
0.001571400003740564
0.0015694000176154077
0.0015904000028967857
0.0016095000028144568
0.0032065000268630683
0.0022761999862268567
0.0015537000144831836
0.0015705999976489693
0.0015565000066999346
0.0015487000055145472
0.0015776999935042113
0.0015765000134706497
0.0015641000063624233
0.0016026000084821135
0.0016082999936770648
0.0016055000014603138
0.0016134999750647694
0.0016906000091694295
0.0015813999925740063
0.0015850999916438013
0.0015753000043332577
0.00155570000060834
0.0015607999812345952
0.0015611000126227736
0.0015819999971427023
0.0015482000017073005
0.0015282999956980348
0.001588099985383451
0.0016016000008676201
0.001586500002304092
0.0015673000016249716
0.001580399984959513
0.0015628999972250313
0.0015660999924875796
0.0015746999997645617
0.0015612999850418419
0.001569800020661205
0.0015633000002708286
0.0015727000136394054
0.0015562000044155866
0.0015762999828439206
0.0015987000078894198
0.001577299990458414
0.001594800007296726
0.0016046000237111002
0.002980199991725385
0.0016216000076383352
0.0015618999896105379
0.0015780999965500087
0.001561800017952919
0.0017282999760936946
0.0017165000026579946
0.0015801000117789954
0.0015611999842803925
0.001608099992154166
0.0015736999921500683
0.0017580999992787838
0.0016107999836094677
0.0015702000237070024
0.0015678000054322183
0.0015582999913021922
0.001565500017022714
0.0015409000043291599
0.0015690000145696104
0.0015578999882563949
0.001569899992318824
0.001545800012536347
0.0015805999864824116
0.001597900001797825
0.0016388999938499182
0.0015746999997645617
0.0015581999905407429
0.0015761999820824713
0.0015768000157549977
0.001556300005177036
0.0015555999998468906
0.001550400018459186
0.0015737999929115176
0.001600699994014576
0.0016172000032383949
0.001596099988091737
0.0016007999947760254
0.001578199997311458
0.0016122999950312078
0.0015973999979905784
0.0016050999984145164
0.001566400023875758
0.001548499974887818
0.0016011999978218228
0.001578499999595806
0.001569899992318824
