0.0008680000028107315
0.0006036999984644353
0.0005621000018436462
0.0005776000034529716
0.0005475999787449837
0.0005573000235017389
0.0005561000143643469
0.0005647999932989478
0.0005523999861907214
0.0005451000179164112
0.0005663999763783067
0.0005450000171549618
0.0005478999810293317
0.0006053000106476247
0.0005548000044655055
0.0005559000128414482
0.0005766999965999275
0.0005506000015884638
0.0005480999825522304
0.0005523000145331025
0.0005741000059060752
0.0005454000202007592
0.000538699998287484
0.0005596999835688621
0.0005455999926198274
0.0005428000004030764
0.0005445000133477151
0.0005591000081039965
0.0005692999984603375
0.0005563000158872455
0.0005562000151257962
0.0005774000019300729
0.0005567999905906618
0.0005651999963447452
0.0005715999868698418
0.0005533000221475959
0.0006619000050704926
0.0005744000081904233
0.0005592999805230647
0.0005528000183403492
0.0005704999784938991
0.0005590000073425472
0.0005574999959208071
0.0005855000053998083
0.0005614999972749501
0.0005558999837376177
0.000575200014282018
0.0005732000281568617
0.0010103000095114112
0.001260699995327741
0.0007391999824903905
0.0005502999993041158
0.0005504000000655651
0.0005946999881416559
0.0005533999938052148
0.0005390000005718321
0.0005524000152945518
0.0005474000063259155
0.0005449000163935125
0.0005437999789137393
0.0005526000168174505
0.0005435000057332218
0.0005458999949041754
0.0005417000211309642
0.0005541000282391906
0.0005412000173237175
0.000548899988643825
0.0005562999867834151
0.0005391000013332814
0.000542099995072931
0.0005812000017613173
0.0005518000107258558
0.0005446999857667834
0.0005426999996416271
0.0005603999888990074
0.0005486000154633075
0.000545499991858378
0.0005447000148706138
0.0005653999978676438
0.0005621000018436462
0.0005511000053957105
0.0005600000149570405
0.0005535999953281134
0.0005491999909281731
0.0005440000095404685
0.0005600999866146594
0.0005501999985426664
0.0005732999998144805
0.0005609999934677035
0.0005590000073425472
0.0005518999823834747
0.0005552000075113028
0.0005643999902531505
0.0005605999904219061
0.0005594000103883445
0.0005691999976988882
0.0005502999993041158
0.0005525999877136201
0.0005694999999832362
0.0005714999861083925
