0.7390451000246685
0.7337223999784328
0.6996829999843612
0.7436603000096511
0.6913761999749113
0.6625009999843314
0.7196474999946076
0.7346986000193283
0.7321298999886494
0.68971629999578
0.7321890000021085
0.7377624999789987
0.7278797999897506
0.7165324999950826
0.6920261999766808
0.6889100999978837
0.7259122999967076
0.7223814000026323
0.6825364000105765
0.6918671999883372
0.7417337999795564
0.6955545000091661
0.725668900005985
0.7475116999994498
0.7169320000102744
0.6778403000207618
0.6613156000094023
0.7370832999877166
0.7312995999818668
0.6766589999897406
0.718284099973971
0.7101661000051536
0.670006000000285
0.7007087000238243
0.7091505999851506
0.7222523000091314
0.6988132000260521
0.7075862000056077
0.6877374000032432
0.7123336000076961
0.6779437999939546
0.7206166999822017
0.722581399983028
0.6883024999988265
0.68705000000773
0.6795333999907598
0.6992520000203513
0.6889402999950107
0.6822147000057157
0.6954235000011977
0.7101931000070181
0.6807682999933604
0.6986073000007309
0.6771452999964822
0.7092322999960743
0.7099975000019185
0.704700700007379
0.7008734999981243
0.7119480000110343
0.6838728000002448
0.7033666000061203
0.6995909999823198
0.7050541999924462
0.7062677000067197
0.6883765999809839
0.7141625999938697
0.7150556000124197
0.7079303000064101
0.6709146999928635
0.7199398000084329
0.7491930999967735
0.7143979000102263
0.6893939999863505
0.7038277000247035
0.7016073999984656
0.7496112000080757
0.6956823999935295
0.6839856999868061
0.7027340999920852
0.6850750999874435
0.6792850000201724
0.6889329999976326
0.7411777999950573
0.7382881999947131
0.7091807999822777
0.7313092000258621
0.6861301000171807
0.6973474000114948
0.6949541000067256
0.7307385000167415
0.6892443000106141
0.701399700017646
0.7114773000066634
0.6684217000147328
0.7149912000168115
0.711117099999683
0.6973992999992333
0.6759561999933794
0.7001356999971904
0.693643400009023
