0.0768343000090681
0.09267199999885634
0.07757700001820922
0.07717519998550415
0.09089929997571744
0.0766423000022769
0.09069280000403523
0.09103350000805221
0.07748269999865443
0.09399809999740683
0.0887296000146307
0.07638179999776185
0.09140340000158176
0.07586650000303052
0.08179610001388937
0.0765891999762971
0.07753370000864379
0.09088730000075884
0.08528910001041368
0.0760714000207372
0.07984859999851324
0.09052149998024106
0.09316190000390634
0.07681339999544434
0.09691260001272894
0.0883134999894537
0.07677320000948384
0.08435659998212941
0.08398389999638312
0.07757200000924058
0.09299710000050254
0.07794930000090972
0.07559140000375919
0.0761149000027217
0.07670279999729246
0.08954339998308569
0.07819269999163225
0.09394429999520071
0.08946389998891391
0.09016849999898113
0.07714170002145693
0.07655060000251979
0.08876349998172373
0.09389509999891743
0.09949740002048202
0.07911049999529496
0.09185219998471439
0.07747419999213889
0.07775749999564141
0.07718789999489672
0.10389170001144521
0.07586739998077974
0.07615760000771843
0.07529259999864735
0.09085810001124628
0.08894220000365749
0.09134220000123605
0.07570220000343397
0.0909195999847725
0.07574939998448826
0.07586949999677017
0.09515249999822117
0.08144449998508207
0.08917940000537783
0.08981060000951402
0.07585890000336803
0.08993899999768473
0.07643039998947643
0.07749009999679402
0.08895159998792224
0.08426979999057949
0.07570299998042174
0.07663120000506751
0.07619329998851754
0.07543490000534803
0.07709890001569875
0.09066240000538528
0.0753534999967087
0.09020520001649857
0.07622979997540824
0.07574930001283064
0.08242789999349043
0.07907949999207631
0.09935429997858591
0.07633969999733381
0.09072900001774542
0.08168259999365546
0.09072760000708513
0.07669039999018423
0.08489769999869168
0.08922629998414777
0.07600459997775033
0.09005509997950867
0.07541410002158955
0.1006315000122413
0.09010760000091977
0.09627539999200962
0.08792449999600649
0.0756247999961488
0.09116129999165423
