0.36055539999506436
0.3716483000025619
0.3563754000060726
0.38889909998397343
0.34627340000588447
0.36026420001871884
0.3639444000145886
0.3576257000095211
0.33209290000377223
0.3564172000042163
0.3617136999964714
0.34945810001227073
0.3816643999889493
0.3871084999991581
0.35925270000007004
0.3808588999963831
0.3469708999909926
0.3642350999871269
0.3867530999996234
0.3674008999951184
0.35784280000370927
0.37410909999744035
0.3811349999741651
0.36811739997938275
0.4067249000072479
0.36376259999815375
0.36481920001097023
0.3743556000117678
0.37999270000727847
0.367629600019427
0.3663716999872122
0.3763979999930598
0.356596300000092
0.3530822999891825
0.3536286999878939
0.37369950002175756
0.3800632999918889
0.3569116999860853
0.3830260999966413
0.360184199991636
0.39390399999683723
0.36258539999835193
0.36767110001528636
0.3508340999833308
0.3740731999860145
0.37705779998213984
0.34838129999116063
0.36127229998237453
0.3764546999882441
0.36554099997738376
0.35706380000920035
0.3667528000078164
0.3379395000229124
0.37116249999962747
0.3653997000074014
0.3656392999982927
0.35744039999553934
0.35743489998276345
0.36257110000588
0.36041940000723116
0.35773660000995733
0.36782770001445897
0.361663799994858
0.37987340000108816
0.36187570000765845
0.37199809998855926
0.3772309999912977
0.36899990000529215
0.34460019998368807
0.3563990999828093
0.33980039999005385
0.36843250002129935
0.37982430000556633
0.37374710000585765
0.3666621999873314
0.3775311000063084
0.3389910999976564
0.3597948999959044
0.3475689000042621
0.33753980000619777
0.35756159998709336
0.37267359998077154
0.33994050000910647
0.34676230000332
0.3777367000002414
0.3703648999799043
0.3276008999964688
0.38853670001844876
0.36490529999719
0.3538012999924831
0.3804145000176504
0.3638914000184741
0.35922240000218153
0.3503134000056889
0.3429146000125911
0.3882725999865215
0.3526636000024155
0.3718409000139218
0.35939770002732985
0.3714293999946676
