0.017457200010539964
0.01671840000199154
0.016773499984992668
0.017076400021323934
0.016537000017706305
0.017119500000262633
0.017125600017607212
0.02880260001984425
0.01931890001287684
0.01711430001887493
0.01803850001306273
0.01799989998107776
0.0171762999962084
0.016919099987717345
0.01716160000069067
0.030050500005017966
0.020311700005549937
0.0210238000145182
0.017181599978357553
0.01677340001333505
0.016927899996517226
0.016769199981354177
0.017020100000081584
0.016763299994636327
0.01689619998796843
0.017033499985700473
0.016816599993035197
0.01698069999110885
0.016976899991277605
0.01714939999510534
0.017056799988495186
0.03169750000233762
0.017255199985811487
0.016909099998883903
0.017031800001859665
0.016400599997723475
0.031087299983482808
0.01670790000935085
0.016498199984198436
0.024204399989685044
0.01980300000286661
0.017109300009906292
0.02923509999527596
0.016907000011997297
0.017634599993471056
0.01665040000807494
0.022127000003820285
0.026188500021817163
0.016753300005802885
0.018322399992030114
0.029354700003750622
0.01803720000316389
0.016617200017208233
0.01677899999776855
0.01681449997704476
0.017025400011334568
0.016623100003926083
0.017168200021842495
0.01660739997169003
0.026019500015536323
0.01688420001300983
0.016919199988478795
0.0170059000083711
0.016670099983457476
0.017111299996031448
0.02740959997754544
0.01644899998791516
0.01791120000416413
0.027281499991659075
0.01659529999596998
0.016852599976118654
0.02895629999693483
0.016966900002444163
0.016585499979555607
0.017070300003979355
0.017035199998645112
0.016819899989059195
0.017077299999073148
0.01731570000993088
0.017180299997562543
0.016634500003419816
0.01725319999968633
0.017154500004835427
0.016492700000526384
0.017018500017002225
0.01679090000106953
0.017463399999542162
0.016941600013524294
0.016883599979337305
0.03211990001727827
0.01726200000848621
0.01669200000469573
0.016926499985856935
0.02722449999419041
0.025402400002349168
0.018272100016474724
0.026929400017252192
0.016731399984564632
0.016767599998274818
0.017189100006362423
