0.09724599999026395
0.08051390000036918
0.09208199998829514
0.09995309999794699
0.09921719998237677
0.09205489998566918
0.08444109998526983
0.07955190000939183
0.09145249999710359
0.09350620000623167
0.09272169999894686
0.08028880000347272
0.07964630000060424
0.07961909999721684
0.08080860000336543
0.1019654999836348
0.07993849998456426
0.09820330000366084
0.09766739999759011
0.08024000001023524
0.08068929999717511
0.0906136000121478
0.07948909999686293
0.08724189997883514
0.08469590000458993
0.07819190001464449
0.09437610002350993
0.09369850001530722
0.07960969998384826
0.08852499999920838
0.07923410000512376
0.07956109999213368
0.07877220000955276
0.08100619999459013
0.09486979999928735
0.07893570000305772
0.07941999999457039
0.09445319999940693
0.08944250000058673
0.1016949999902863
0.09103160002268851
0.07933790000970475
0.07943009998416528
0.0790153999987524
0.08063769998261705
0.0920990000013262
0.08243109998875298
0.09542049997253343
0.07989520000410266
0.08919490000698715
0.07890069999848492
0.0932475000154227
0.07937459999811836
0.08038939998368733
0.07912839998607524
0.09278289999929257
0.07888269997783937
0.07885819999501109
0.09353350001038052
0.07986289999098517
0.08007630001520738
0.07892770000034943
0.09405569999944419
0.09290710001369007
0.08128409998607822
0.08108740000170656
0.0797764000017196
0.0799018999969121
0.07894320000195876
0.09336979998624884
0.0897073999803979
0.09346959998947568
0.09003160000429489
0.09787149998010136
0.07829629999469034
0.09323560001212172
0.08005190000403672
0.0799068000051193
0.07914780001738109
0.08000099999480881
0.094606600003317
0.08259869998437352
0.09096989998943172
0.09332429998903535
0.09306389998528175
0.08707700000377372
0.09316800002125092
0.08964650001144037
0.079146000003675
0.07873720000497997
0.09400879999157041
0.09242269999231212
0.09345650000614114
0.07947390002664179
0.07867270000861026
0.07846990000689402
0.09392179999849759
0.08024899999145418
0.1030445999931544
0.09067289999802597
