0.009666700003435835
0.009257600002456456
0.009384100005263463
0.009113499982049689
0.008991400012746453
0.00923790002707392
0.008948300004703924
0.009239799983333796
0.009169299999484792
0.021625900000799447
0.011105699988547713
0.009147700009634718
0.009085999976377934
0.013085100013995543
0.01588120000087656
0.00907030000234954
0.00895640000817366
0.009050499997101724
0.018950300000142306
0.011926500010304153
0.009002100006910041
0.0090065999829676
0.00907040000311099
0.009011399990413338
0.00892809999641031
0.008927199989557266
0.008774899994023144
0.01615110001876019
0.013508100004401058
0.008921900007408112
0.009133199986536056
0.009167100011836737
0.008834000007482246
0.008857400011038408
0.008756700000958517
0.008807000005617738
0.00875779998023063
0.008804700017208233
0.008893899997929111
0.008826800010865554
0.0090288000064902
0.00875780000933446
0.008927599992603064
0.008864100003847852
0.018131099990569055
0.009189499978674576
0.009049100015545264
0.00881120000849478
0.008819199982099235
0.00890580000123009
0.009218799998052418
0.009041899989824742
0.008789099985733628
0.008900299988454208
0.00929110002471134
0.009032600006321445
0.00910010002553463
0.009493399993516505
0.009120600007008761
0.009148599987383932
0.009106399986194447
0.009028200001921505
0.009505599999101833
0.020163599983789027
0.012340999994194135
0.008834400010528043
0.00874600000679493
0.008960099978139624
0.008811400010017678
0.020020300027681515
0.011404199991375208
0.009257700003217906
0.009318099997472018
0.009013200004119426
0.00889120000647381
0.009905200015055016
0.016199399979086593
0.014292299980297685
0.009023199992952868
0.008996499993372709
0.008841600007144734
0.009012099995743483
0.008989599999040365
0.009495699981926009
0.021866600000066683
0.009285100008128211
0.008795100002316758
0.008953700016718358
0.008859800000209361
0.017009300005156547
0.01369740001973696
0.013184700015699491
0.011187099997187033
0.008784699981333688
0.01111490000039339
0.015145599987590685
0.008970299997599795
0.008964500011643395
0.009831599978497252
0.008837200002744794
