0.7579752999881748
0.7696986999944784
0.7083216000173707
0.7566898000077344
0.7578879999928176
0.7051374000147916
0.7348329999949783
0.722864200011827
0.7469655000022613
0.7636453000013717
0.7222709000052419
0.757792700023856
0.7057452999870293
0.7400414999865461
0.7149419000197668
0.7681168999988586
0.7495878000045195
0.7286454999994021
0.7492272999952547
0.7159094999951776
0.713373300008243
0.7074587999959476
0.7357633000065107
0.7287899000220932
0.706917000003159
0.7278627000050619
0.7085281999898143
0.6873132000037003
0.750291299977107
0.7281799000047613
0.702761599997757
0.725256800011266
0.7670355000009295
0.730695200007176
0.7236078999994788
0.7265279999992345
0.7459359000204131
0.7542047000024468
0.7331591000256594
0.7381480000040028
0.731553099991288
0.6951838000095449
0.7193842999986373
0.7084038999746554
0.7225161999813281
0.6988414999796078
0.736663799994858
0.7110322999942582
0.7090730000054464
0.7481935000105295
0.768228500004625
0.7501068000274245
0.7302597000089008
0.7054371999984141
0.7413948999892455
0.6797802999790292
0.7267480999871623
0.7168673999840394
0.7204551000031643
0.7297610999958124
0.7401917999959551
0.746474199986551
0.7001807000197005
0.7181524999905378
0.713959699991392
0.7424125999968965
0.754872699995758
0.7283262000128161
0.7104558999999426
0.7146814000152517
0.7008862000075169
0.7491630000004079
0.6981706999940798
0.7626041000185069
0.7060324999911245
0.7101512000081129
0.7045021000085399
0.7394990000175312
0.7613206999958493
0.7239372000040021
0.7394542999973055
0.7222232999920379
0.759794299985515
0.7086887999903411
0.7181136999861337
0.7039068000158295
0.6940712000068743
0.7292428000073414
0.732703899993794
0.7294294000021182
0.709351900004549
0.7109305000049062
0.7084408999944571
0.7122962000139523
0.7715304000012111
0.7409272000077181
0.7453572000085842
0.705890899989754
0.7738205000059679
0.7855774000054225
