0 28
0 25
0 23
0 20
0 10
0 11
0 18
0 14
0 27
0 29
1 3
1 16
1 26
1 34
1 20
1 41
2 35
2 36
2 42
2 28
2 6
2 7
2 5
2 40
2 33
3 42
3 11
3 48
3 23
3 43
3 27
3 20
3 35
3 30
3 36
4 38
4 30
4 29
4 28
4 41
4 9
5 29
5 36
5 7
5 18
5 41
5 39
5 28
6 42
6 39
6 11
6 7
6 23
6 21
6 17
6 24
6 41
6 47
6 15
6 8
7 13
7 47
7 24
7 44
7 14
7 38
8 41
8 42
8 47
8 40
8 31
9 27
9 26
9 16
9 32
9 39
10 39
10 21
10 25
10 27
10 37
10 35
10 33
10 36
10 46
11 37
11 41
11 19
11 20
11 25
12 18
12 48
12 26
12 37
12 29
12 31
12 32
12 44
12 33
13 24
13 25
13 38
13 46
13 30
14 18
14 24
14 43
14 19
14 27
15 28
15 30
15 36
15 23
15 22
16 23
16 32
16 46
16 17
16 18
17 44
17 29
17 27
17 36
17 37
17 48
18 37
18 29
18 20
18 47
18 42
18 45
18 23
19 45
19 44
19 25
19 34
19 24
20 24
20 26
20 48
20 32
21 37
22 44
22 33
22 38
22 31
22 40
23 44
23 34
23 33
23 31
23 28
24 45
24 30
25 33
26 45
26 34
26 32
26 48
27 39
27 42
27 30
27 45
28 34
28 36
28 33
29 49
30 47
31 37
31 42
31 38
32 43
32 39
32 45
32 41
32 48
33 41
33 36
33 48
33 39
35 37
35 40
35 44
36 48
36 38
36 49
38 42
38 43
38 49
39 47
39 49
40 45
41 45
41 47
42 47
42 48
42 49
42 44
43 47
46 49
