0 33
0 18
0 4
0 8
0 13
0 27
0 25
1 24
1 7
1 31
1 5
1 4
1 30
2 8
2 10
2 48
2 7
2 27
2 39
3 29
3 22
3 14
3 12
3 39
3 37
3 15
4 39
4 32
4 12
4 27
4 34
4 45
4 22
4 8
4 43
4 11
4 16
5 21
5 16
5 20
5 10
5 36
5 15
5 11
5 23
6 47
6 45
6 19
6 27
6 17
6 21
6 26
7 32
7 48
7 16
7 34
7 10
7 45
7 20
7 23
8 33
8 38
8 13
8 28
8 14
8 21
8 30
9 10
9 26
9 21
9 27
9 20
9 44
9 30
9 11
10 21
10 26
10 37
10 41
10 42
10 47
10 31
11 38
11 28
11 19
11 17
12 29
12 21
12 34
12 28
13 29
13 23
13 38
13 44
14 48
14 32
14 35
14 38
14 40
14 47
15 40
15 39
15 23
16 21
16 37
16 34
16 23
17 23
17 26
17 39
17 27
17 46
17 18
17 20
17 34
18 32
18 35
18 44
18 24
18 27
18 43
19 46
19 30
19 24
19 34
19 22
20 48
20 46
21 27
21 44
21 35
21 36
22 30
22 27
22 31
22 25
22 47
22 34
23 33
23 36
23 29
23 44
23 28
24 28
24 45
24 47
24 41
25 41
25 28
25 29
25 31
25 40
25 35
26 28
26 30
27 41
27 45
28 39
28 49
28 45
28 47
29 41
29 35
29 44
29 33
30 48
30 44
31 34
31 48
31 36
31 39
31 35
31 49
32 43
32 39
32 49
33 39
34 42
34 38
34 37
35 47
35 37
35 44
37 40
37 41
37 42
38 45
38 47
38 41
38 46
39 43
39 46
40 43
40 47
40 44
41 44
41 45
41 46
42 43
43 47
