0 46
0 23
0 25
0 5
0 34
0 27
0 10
0 21
1 9
1 21
1 2
1 12
1 39
1 40
2 25
2 24
2 42
2 33
2 43
2 5
2 28
2 3
2 19
2 18
2 48
3 29
3 30
3 26
3 15
3 36
3 9
3 4
3 21
4 12
4 28
4 33
4 38
4 19
4 42
4 31
5 24
5 31
5 48
5 44
6 47
6 21
6 20
6 24
6 17
6 45
6 33
6 16
6 49
6 31
7 38
7 13
7 33
7 47
7 22
7 34
8 15
8 23
8 46
8 9
8 44
8 29
8 39
9 30
9 11
9 18
9 13
9 45
9 43
9 31
9 15
10 48
11 33
11 20
11 28
11 15
11 13
11 37
11 49
11 40
11 19
11 25
11 23
12 47
12 40
12 27
12 46
12 44
12 14
13 35
13 26
13 42
13 31
13 38
13 14
13 29
14 36
14 48
14 25
14 39
14 27
14 19
14 29
15 20
15 27
15 44
15 24
16 27
16 39
16 48
16 49
16 38
16 17
16 23
16 22
17 40
17 19
17 45
17 47
17 31
18 30
18 21
19 36
19 21
19 34
20 41
20 43
20 23
20 33
20 29
20 45
20 22
20 34
21 22
21 33
21 39
22 31
22 36
22 27
22 34
22 38
23 35
23 37
25 40
25 33
25 27
25 45
25 48
26 27
26 42
26 28
26 45
27 46
27 48
27 28
27 39
28 42
28 31
28 41
29 43
29 48
29 42
29 45
30 31
30 32
30 47
31 44
31 35
31 42
32 35
32 41
32 38
33 46
33 48
34 37
34 49
34 43
35 48
35 40
35 43
35 47
35 37
35 49
36 39
36 46
38 46
38 40
38 42
39 46
39 48
40 43
41 42
42 45
42 43
46 49
47 48
