0 49
0 5
0 32
0 31
0 22
0 2
0 3
0 48
0 43
1 32
1 26
1 45
1 37
1 5
1 40
1 46
1 24
1 30
1 3
1 41
1 22
2 33
2 12
2 11
3 24
3 32
3 19
3 10
3 48
3 17
3 38
3 12
3 28
4 38
4 34
4 48
4 36
4 16
4 10
4 13
4 21
4 30
4 22
5 45
5 26
5 22
5 14
5 41
5 36
5 37
6 49
6 19
6 26
6 32
6 47
6 25
6 20
6 36
7 46
7 23
7 34
7 29
7 19
7 22
7 24
8 37
8 25
8 36
8 34
8 28
8 11
8 15
8 47
8 40
8 24
9 24
9 16
9 25
9 27
9 46
10 13
10 12
10 48
10 37
10 32
10 39
10 27
10 30
10 45
11 32
11 39
11 42
11 33
11 21
12 27
12 32
12 13
12 14
12 30
12 38
13 21
13 40
13 44
13 20
13 33
13 38
14 16
14 20
14 43
15 23
15 32
15 28
15 34
15 43
16 30
16 22
16 32
16 33
16 20
17 45
17 25
17 18
18 43
18 21
19 34
19 27
19 22
19 35
20 32
20 43
20 25
20 23
20 24
20 35
21 33
21 39
21 42
21 23
21 29
21 30
22 32
22 35
22 33
22 40
22 23
22 39
22 29
23 37
24 44
24 30
24 29
24 48
25 45
25 26
25 27
25 31
25 39
26 45
26 33
27 48
27 36
27 45
28 44
28 46
29 47
29 40
29 35
30 37
30 35
30 47
30 39
31 49
31 44
31 43
31 36
32 46
32 36
32 40
33 41
34 42
34 49
34 35
34 37
35 44
35 47
35 39
36 49
38 46
38 49
38 39
38 45
39 46
39 47
42 43
42 47
43 45
43 46
44 45
45 47
47 49
