0 43
0 27
0 33
0 9
0 24
0 17
0 28
1 28
1 46
1 6
1 16
1 9
1 23
1 44
2 17
2 15
2 29
2 27
2 35
2 44
3 29
3 8
3 42
3 23
3 6
3 7
3 26
3 34
4 6
4 40
4 31
4 44
4 41
4 27
4 30
4 14
5 10
5 43
5 45
5 37
5 25
5 29
5 15
5 22
6 38
6 29
6 8
6 25
6 40
6 39
6 24
6 45
6 14
6 9
6 21
6 19
6 15
7 12
7 40
7 16
7 21
7 36
7 19
8 49
8 32
8 42
8 22
8 10
8 26
9 41
9 42
9 14
9 27
9 45
9 18
9 47
10 19
10 48
10 15
10 31
10 39
10 29
11 39
11 23
11 44
11 33
11 32
11 34
11 30
11 47
11 26
11 24
11 29
12 38
12 19
12 47
13 27
13 48
13 25
14 28
14 19
14 32
14 41
14 24
14 34
15 19
15 45
15 47
15 37
16 25
16 22
16 47
16 28
17 30
17 36
17 39
17 26
17 34
18 22
18 43
18 34
18 45
18 20
18 32
19 33
19 39
19 22
19 44
19 47
19 26
20 41
20 25
20 48
20 30
20 22
20 42
21 47
21 39
22 37
22 48
22 34
22 32
23 37
23 28
23 43
23 26
24 46
24 42
24 49
24 39
24 45
24 27
25 34
26 48
26 37
26 32
26 34
27 49
28 36
28 35
28 42
29 32
29 30
29 40
29 44
30 43
30 41
30 48
31 35
31 32
31 45
31 46
32 42
32 36
32 37
32 39
33 45
33 48
35 46
35 37
35 36
35 39
35 49
36 47
36 41
37 38
37 39
37 47
37 45
38 40
39 42
40 49
41 43
41 45
42 46
43 47
43 48
45 48
46 47
48 49
