0 12
0 33
0 47
0 39
0 49
0 2
0 29
0 22
0 32
1 22
1 28
1 36
1 3
1 9
1 26
1 43
2 8
2 35
2 10
2 42
2 5
2 43
2 48
3 47
3 46
3 25
3 11
3 24
3 34
3 42
3 16
3 44
3 35
4 14
4 43
4 20
4 17
4 30
4 40
4 37
4 21
4 25
4 36
4 41
4 28
4 42
5 48
5 25
5 20
5 14
5 23
5 45
5 34
6 9
6 46
6 22
6 17
6 10
6 19
6 37
6 16
7 35
7 40
7 48
7 22
7 37
7 47
7 28
8 13
8 43
8 14
8 39
8 31
8 20
8 30
9 26
9 44
9 45
9 22
9 21
9 14
9 35
9 28
9 36
10 25
10 40
10 45
11 24
11 23
11 30
11 27
11 14
12 25
12 31
12 14
12 48
12 35
12 47
13 42
13 48
13 30
13 49
13 24
13 20
14 27
14 30
14 47
14 35
15 22
15 41
16 45
16 22
16 18
16 30
16 49
16 40
16 42
16 20
16 24
17 49
17 31
17 19
17 26
18 32
18 23
19 25
19 44
19 43
20 37
20 21
20 47
20 42
20 34
20 22
20 41
20 31
21 35
21 31
21 36
21 22
22 49
22 40
22 30
23 29
23 49
23 36
23 44
23 48
23 38
23 26
24 29
24 34
24 45
24 40
24 35
24 26
26 47
26 35
26 27
26 44
27 45
27 36
27 31
27 42
27 29
27 48
27 33
28 44
29 32
29 37
29 31
29 41
29 33
29 35
29 43
30 34
30 33
30 47
30 37
31 42
31 44
31 47
32 37
32 40
33 48
33 34
33 49
35 39
35 44
36 42
36 43
38 40
40 44
40 49
41 47
42 48
42 44
43 44
45 47
47 49
