0 12
0 24
0 26
0 47
0 29
0 9
0 6
1 4
1 12
1 37
1 24
1 11
1 38
1 34
1 27
1 22
2 24
2 11
2 36
2 37
2 21
2 38
2 39
2 49
3 36
3 7
3 35
3 23
3 14
4 16
4 39
4 25
4 31
5 20
5 18
5 16
5 26
5 39
5 33
5 38
5 27
5 42
5 44
6 41
6 48
6 8
6 37
6 24
6 47
6 9
6 35
6 39
7 21
7 43
7 24
7 36
7 30
7 19
7 16
7 46
7 10
7 9
7 35
8 26
8 36
8 33
8 39
8 35
8 21
8 32
9 29
9 24
9 39
9 33
9 28
9 46
9 40
10 24
10 25
10 43
10 37
10 42
10 22
10 38
10 35
10 23
11 45
11 34
11 15
11 41
11 21
11 44
12 23
12 29
12 34
12 18
12 27
12 37
12 16
13 32
13 49
13 46
13 38
13 29
13 48
14 22
14 17
14 39
14 25
14 47
14 29
14 19
15 38
15 23
15 22
15 41
15 35
15 26
15 49
16 38
16 30
16 43
16 40
16 18
16 24
16 47
16 37
16 45
17 47
17 33
17 26
18 36
18 40
18 25
18 27
18 39
18 45
18 44
19 28
19 31
19 22
19 21
20 49
20 33
20 46
21 28
21 43
21 33
21 38
21 26
21 34
21 37
21 36
22 34
23 34
23 37
23 41
24 28
24 40
24 33
25 41
25 31
25 28
26 29
26 39
26 45
27 44
27 28
27 41
28 49
28 30
28 45
28 41
30 42
30 43
30 45
31 47
31 33
32 33
32 38
32 49
32 35
33 45
33 36
33 44
33 39
34 39
34 46
35 47
35 46
37 44
37 39
38 47
38 49
39 42
39 47
40 47
41 43
42 43
45 47
