0 37
0 4
0 35
0 2
0 44
0 32
0 9
1 19
1 45
1 26
1 11
1 2
2 44
2 34
2 21
2 11
3 24
3 36
3 39
3 18
3 48
3 35
4 45
4 39
4 30
4 37
4 31
4 21
4 16
4 5
4 9
4 38
4 20
5 43
5 36
5 26
6 17
6 36
6 46
6 29
6 42
7 47
7 31
7 38
7 14
7 40
7 41
7 21
8 35
8 43
8 10
8 14
9 30
9 44
9 19
9 48
10 16
10 43
10 24
10 12
10 27
11 29
11 18
11 40
11 32
11 43
12 27
12 32
12 46
12 28
12 31
12 39
12 15
12 36
13 43
13 34
13 48
13 42
13 45
13 49
13 16
14 42
14 45
14 15
15 24
15 18
15 41
15 23
15 29
15 39
15 28
15 43
15 21
16 27
16 35
16 18
16 21
17 30
17 21
17 38
17 24
17 42
17 28
17 36
18 21
18 49
18 41
18 26
19 36
19 35
19 25
20 42
20 22
20 49
20 35
20 36
20 26
21 40
21 37
21 48
21 24
22 41
22 37
22 47
23 47
23 36
23 41
23 40
23 34
24 25
24 49
24 48
24 27
24 31
24 30
25 47
25 37
25 31
25 45
25 33
26 28
26 33
26 30
27 30
27 32
27 31
27 36
27 34
28 42
28 35
28 34
28 30
28 37
28 38
28 39
29 43
29 41
29 38
29 42
30 46
30 45
31 38
31 36
31 37
31 43
31 42
32 49
32 43
32 34
32 38
33 37
33 36
33 35
34 37
34 38
35 41
35 45
36 45
36 41
36 37
37 43
37 39
37 48
37 40
38 46
39 46
39 48
39 41
39 49
40 44
41 44
41 46
42 45
43 45
43 48
44 49
45 48
45 46
45 49
46 48
