0 47
0 10
0 13
0 22
0 17
0 19
0 16
0 29
0 26
0 21
1 39
1 49
1 16
1 6
1 3
1 9
1 30
1 36
2 47
2 18
2 17
2 10
2 40
3 14
3 17
3 7
3 23
3 16
3 12
3 39
3 27
3 24
3 29
3 34
3 33
4 33
4 40
4 14
4 39
4 38
4 26
4 12
5 12
5 49
5 26
5 45
5 30
5 7
6 17
6 24
6 43
6 15
6 12
6 21
6 30
6 36
6 42
7 18
7 29
7 26
8 17
8 32
8 26
8 10
8 11
8 47
8 24
8 29
8 33
9 25
9 35
9 31
9 49
9 21
10 24
10 20
10 23
11 36
11 48
11 27
11 13
12 33
12 18
12 39
12 16
12 25
13 45
13 34
13 39
13 16
13 28
13 30
14 46
14 33
14 26
14 28
14 48
15 20
15 41
15 38
16 32
16 17
16 23
16 45
16 36
17 49
17 29
17 26
17 39
17 44
18 25
18 36
18 21
18 30
18 33
18 38
19 30
19 28
19 35
19 46
19 36
20 29
20 37
21 37
21 33
21 46
21 32
21 22
22 47
22 30
22 27
22 23
22 31
23 30
23 40
23 33
23 32
23 36
23 43
24 46
24 49
24 33
25 31
25 38
25 46
25 35
25 47
26 42
26 27
26 40
26 45
27 35
27 49
27 46
27 37
27 48
27 43
27 41
28 49
28 44
28 43
28 30
29 38
29 45
29 31
30 48
30 39
30 31
30 36
30 38
30 35
30 44
31 39
31 34
31 36
32 43
32 33
33 36
33 48
33 39
33 47
33 35
33 34
34 40
34 38
35 36
36 46
36 49
37 44
38 41
38 47
39 40
40 44
41 48
42 48
43 48
44 48
45 47
45 49
48 49
