0 21
0 30
0 18
0 38
0 34
0 40
0 1
1 22
1 11
1 6
1 14
1 34
2 42
2 39
2 9
2 23
2 38
2 36
2 13
2 8
2 4
2 17
2 27
2 48
2 34
3 31
3 5
3 29
3 44
4 7
4 36
4 15
4 34
4 21
4 35
4 10
4 26
4 25
4 42
5 48
5 13
5 22
6 14
6 45
6 23
6 30
6 20
6 16
6 8
6 34
6 32
6 33
6 10
6 37
6 49
7 12
7 31
7 19
7 33
7 39
7 11
7 32
7 20
8 45
8 19
8 42
8 14
8 34
9 23
9 22
9 44
9 45
9 12
9 21
9 27
9 31
9 49
9 13
9 39
10 28
10 18
10 24
10 14
11 25
11 26
11 12
11 32
11 35
11 24
11 47
11 42
11 41
11 16
12 36
12 25
12 29
12 42
12 47
12 14
12 30
12 13
13 43
13 49
13 16
13 30
13 22
13 41
13 48
14 29
14 49
14 16
14 41
14 48
14 24
15 24
15 26
15 21
15 18
15 42
16 36
16 46
16 43
16 20
17 26
17 23
17 21
17 46
17 18
18 33
18 26
18 46
18 27
18 34
18 25
18 24
19 30
19 39
19 46
19 36
19 35
20 41
20 22
20 47
20 25
20 24
21 28
21 22
21 32
21 49
22 23
23 39
23 25
23 45
23 49
23 32
24 25
25 37
25 47
26 41
26 27
26 47
27 39
27 29
27 42
28 31
28 47
29 46
30 49
30 39
30 47
31 36
32 42
33 36
35 48
35 47
35 42
35 49
35 46
36 40
36 43
36 38
36 45
37 38
37 41
37 43
38 46
39 42
39 45
40 49
40 41
41 45
41 44
42 46
45 47
45 48
45 46
45 49
47 49
47 48
48 49
